10.924580694863494
2.542221217851565
-9.343810251911812
-9.343810251911812
-11.202682729688767
12.833931828818882
-10.510672776973632
-1.284771929940284
7.624462363636563
-11.202682729688767

2.542221217851565
4.681153828123065
0.03655491408615297
0.03655491408615297
1.224176390032448
-16.752154922790535
4.681153828123065
-11.202682729688767
-1.284771929940284
-11.202682729688767

-13.561317944821607
1.0484454077362617
-10.970435516768296
0.8677041967938257
2.5575550267341995
7.354853407385115
1.224176390032448
-11.202682729688767
2.4097301252028007
-16.752154922790535

2.4097301252028007
-8.244893676190367
-12.720202044999642
3.448093145591315
6.390176932921495
4.73619754954805
-13.561317944821607
-5.376310959211723
2.5575550267341995
-16.752154922790535

2.5575550267341995
-11.202682729688767
4.73619754954805
-16.859352108835843
4.702434255538408
-16.8221816572324
-11.202682729688767
-11.202682729688767
-3.0059769158341085
-16.752154922790535

-11.202682729688767
2.5575550267341995
1.6235606997074947
-5.376310959211723
3.862995321722515
3.5954938506301715
-11.520990671792054
-16.859352108835843
-11.520990671792054
-16.859352108835843

-5.376310959211723
-16.859352108835843
-11.202682729688767
-8.820846989096129
13.408844101222696
6.8856806509385695
-9.749047460122426
-5.376310959211723
-11.520990671792054
-16.859352108835843

-12.708413555903403
4.396171951815495
-12.930374487797105
11.132086903168993
-12.708413555903403
-5.767132708781349
-15.744887164237891
13.854252460693923
-12.708413555903403
-12.708413555903403

-3.342913594021221
8.574107458068877
-15.980890000850557
-16.190183562637674
-9.968677566909461
-1.5797580077501459
-8.18238001633816
1.2870468059904288
1.7957311406408372
-16.190183562637674

-7.642700440376073
-10.5124987398801
-0.6867960688695005
4.048537595884193
2.1529772194638017
8.35716795608074
-8.18238001633816
4.048537595884193
4.048537595884193
-9.968677566909461

--------------------------
15.202682729688798
-1.340450157864543
-0.22834029449638882
-2.858624322093908
-11.039395120375968
1.8644271316116074
10.384831015963996
-1.0452496116192136
-1.340450157864543
-11.039395120375968

-6.402811691609985
-11.039395120375968
-2.858624322093908
-2.858624322093908
-1.0452496116192136
-16.63472265868118
-7.472695785511984
-4.318715368408812
-2.858624322093908
-11.039395120375968

-16.63472265868118
-16.63472265868118
0.8700647524882696
-6.402811691609985
0.5906785084734059
17.457431505966873
-6.402811691609985
-7.472695785511984
-16.813644555151473
-11.039395120375968

-16.813644555151473
-14.76674288860442
-7.081185114350138
3.7644895325887
-9.968677566909461
-7.472695785511984
6.695121230198559
-16.63472265868118
-16.813644555151473
-16.813644555151473

3.7644895325887
-16.813644555151473
13.79765545455155
-14.76674288860442
-16.813644555151473
-16.738769291296556
-13.609312853567694
7.950942845697163
17.457431505966873
-16.813644555151473

-16.738769291296556
2.498120244018285
3.448093145591315
-15.09883819648643
2.54117594197151
-16.738769291296556
6.2624789915604016
6.2624789915604016
5.95832066046171
-16.813644555151473

-7.642700440376073
2.097285054224918
5.659367122027248
2.4560109017498055
-16.813644555151473
11.419400547427815
2.54117594197151
4.194051698482667
-16.738769291296556
-16.813644555151473

1.1370323058252825
-7.525721907335354
-16.863504520229853
-1.2633703768812508
-16.813644555151473
-3.1435619943861584
6.2624789915604016
-16.813644555151473
5.659367122027248
-16.813644555151473

10.758520144531916
-12.220904536215906
-16.8221816572324
-16.875940822219505
-16.813644555151473
-16.859352108835843
2.527949579758516
-16.8221816572324
-16.8221816572324
-16.8221816572324

-16.8221816572324
-3.0059769158341085
-16.8221816572324
-16.875940822219505
-16.8221816572324
-1.1434631254422039
-3.0059769158341085
-3.0059769158341085
-3.0059769158341085
-16.8221816572324

-8.820846989096129
9.239238405034325
-16.8221816572324
10.747215405700565
0.8677041967938257
-16.8221816572324
-16.8221816572324
-3.0059769158341085
6.695121230198559
-16.875940822219505

-16.50154639615154
8.182451353673173
-16.813644555151473
-16.813644555151473
-4.4694348058310025
-4.4694348058310025
-13.389725529192058
4.141561162512577
2.560702591057003
-16.813644555151473

-16.875940822219505
-5.767132708781349
-16.8221816572324
-15.403367889891875
-16.813644555151473
-12.220904536215906
-16.859352108835843
10.616467082238058
11.453539108182538
-16.50154639615154

-6.851817283895819
0.8475039484553026
10.075682560193394
-5.122328435207027
-11.17505172616095
-12.220904536215906
-16.752154922790535
-16.813644555151473
-6.402811691609985
-16.875940822219505

-16.8221816572324
-15.928340107314128
-16.875940822219505
-16.752154922790535
-16.752154922790535
2.467521683497776
9.005734573123146
-15.928340107314128
-11.17505172616095
-16.875940822219505

-16.752154922790535
-16.50154639615154
-16.8221816572324
-11.709551714696676
-16.63472265868118
2.5510075471290294
10.588923510045703
-3.1435619943861584
-4.124511486786511
-16.8221816572324

-11.948209878878755
-4.318715368408812
-1.261909011964498
-6.1616412362678386
-16.339327755519268
-14.543873202692044
15.644678899625523
2.5510075471290294
-2.4726884552777193
-16.752154922790535

-10.605839894677551
-2.7801809198711505
-11.948209878878755
8.110440540211327
1.6947813542390888
8.037221292893467
-1.1203568447781849
-16.752154922790535
-16.339327755519268
-16.752154922790535

-1.286028713461346
-1.286028713461346
-16.339327755519268
12.914109080991883
2.245990050314123
0.3116299151386128
-16.50154639615154
0.3116299151386128
-16.50154639615154
-16.50154639615154

-4.4694348058310025
2.4097301252028007
2.4097301252028007
2.4097301252028007
-13.389725529192058
-16.875940822219505
2.5510075471290294
8.207001689287948
2.4911511451510377
-16.339327755519268
